0 0.878511 0.579491 0.0372921 0.102663 0.940474
0 0.996706 0.561792 0.00658829 0.103548 0.00621225
0 0.996597 0.553665 0.0068061 0.104321 0.00562352
0 0.99688 0.569868 0.00623915 0.102982 0.00336416
0 0.996648 0.545888 0.00670358 0.104709 0.00290726
0 0.99609 0.637834 0.00782053 0.108318 0.00274418
0 0.996731 0.538059 0.00653822 0.105482 0.00195189
0 0.997028 0.577955 0.00594448 0.103333 0.00176365
0 0.996124 0.63067 0.00775192 0.107057 0.00164645
0 0.99712 0.58697 0.00575946 0.104597 0.00130951
0 0.997155 0.596689 0.00568961 0.106749 0.00124164
0 0.997107 0.605957 0.00578534 0.108086 0.00116341
0 0.996824 0.614844 0.00635218 0.107303 0.00101284
