0 0.739199 0.558917 0.0167781 0.0661637 0.919957
0 0.0955662 0.565536 0.0219891 0.0236778 0.593496
0 0.996395 0.588776 0.00720938 0.108762 0.00861669
0 0.996563 0.580575 0.00687391 0.106153 0.0071594
0 0.996669 0.572308 0.0066612 0.105486 0.00645694
0 0.996299 0.596479 0.00740164 0.111942 0.00389758
0 0.996726 0.563798 0.0065476 0.106044 0.00335952
0 0.739217 0.559702 0.0232239 0.0682277 0.00302067
0 0.180356 0.997947 0.0340363 0.00357698 0.00256167
0 0.997148 0.965979 0.0057034 0.0680417 0.00243723
0 0.996566 0.55533 0.00686736 0.10648 0.00194276
0 0.996298 0.605011 0.00740447 0.113501 0.00171301
0 0.996258 0.0482088 0.0074837 0.0964175 0.00161371
0 0.996353 0.0333857 0.00729427 0.0667715 0.00139686
0 0.996417 0.547342 0.00716496 0.10532 0.0011055
0 0.996758 0.354288 0.00648363 0.107424 0.00103966
0 0.996001 0.0429405 0.00799787 0.085881 0.00103905
