0 0.849574 0.57609 0.0261788 0.0679023 0.932086
0 0.994538 0.571533 0.0109247 0.113042 0.00444565
0 0.995278 0.602891 0.00944406 0.102935 0.00434682
0 0.994863 0.596074 0.0102732 0.103744 0.00433874
0 0.994362 0.564774 0.011275 0.116362 0.00261987
0 0.995707 0.610386 0.00858674 0.101629 0.00221235
0 0.994743 0.579348 0.0105143 0.109163 0.00153853
0 0.996156 0.619442 0.00768862 0.10037 0.00127242
0 0.997064 0.965625 0.00587294 0.0687508 0.00124107
0 0.997052 0.0312609 0.00589554 0.0625219 0.00104588
