0 0.126067 0.576131 0.0606612 0.0304515 0.0574654
0 0.126608 0.576018 0.0601233 0.0302968 0.00610931
0 0.99719 0.577228 0.00561942 0.0889654 0.00295491
0 0.996655 0.0316864 0.00668991 0.0633728 0.00174262
0 0.996786 0.584157 0.00642881 0.0995426 0.00149243
0 0.996512 0.59103 0.00697587 0.106637 0.00141544
0 0.997558 0.57031 0.00488485 0.0803442 0.0012381
0 0.997799 0.562485 0.00440199 0.0764937 0.0012267
0 0.996308 0.597468 0.00738446 0.110171 0.00116001
0 0.997089 0.964373 0.00582287 0.0712547 0.00100294
