0 0.212991 0.555538 0.0299528 0.0358927 0.941554
0 0.649141 0.549353 0.00820352 0.0233072 0.866395
0 0.996854 0.575119 0.00629205 0.109219 0.00586506
0 0.867072 0.548479 0.00713326 0.0235136 0.0046246
0 0.997402 0.557799 0.005195 0.0989422 0.00455761
0 0.996444 0.582746 0.00711173 0.114292 0.00398149
0 0.997535 0.547031 0.00492972 0.0989655 0.00354345
0 0.997212 0.567079 0.00557534 0.10268 0.00339528
0 0.378871 0.565458 0.00790996 0.0199296 0.00217892
0 0.00615521 0.579335 0.0123104 0.112145 0.00198248
0 0.996178 0.590746 0.00764375 0.116042 0.00189201
0 0.997437 0.537377 0.00512537 0.101374 0.0014591
0 0.996086 0.598539 0.00782742 0.116821 0.00130226
0 0.00526483 0.572617 0.0105297 0.104571 0.0012749
0 0.997202 0.964784 0.00559681 0.0704316 0.00117457
0 0.996202 0.60579 0.00759594 0.116238 0.00104307
0 0.00789163 0.59402 0.0157833 0.126581 0.00101999
