0 0.958813 0.526413 0.0237386 0.0452789 0.921808
0 0.997868 0.527975 0.00426444 0.0495378 0.0142578
0 0.998473 0.560868 0.00305345 0.0941999 0.0108148
0 0.998168 0.532744 0.00366494 0.0472967 0.00920861
0 0.998633 0.543967 0.00273392 0.055693 0.00752496
0 0.996747 0.964855 0.00650635 0.0702899 0.00626721
0 0.997856 0.511408 0.0042884 0.0658066 0.00595519
0 0.997819 0.523923 0.00436243 0.0541843 0.0053991
0 0.997782 0.5195 0.00443669 0.0582229 0.005061
0 0.997912 0.495979 0.0041765 0.0839067 0.00173756
0 0.997038 0.590776 0.00592459 0.108164 0.00155595
0 0.996979 0.597313 0.00604124 0.109395 0.00112136
