0 0.949534 0.573207 0.0282912 0.0591414 0.937864
0 0.999156 0.57977 0.00168853 0.0684693 0.0200817
0 0.999031 0.574004 0.00193809 0.0646065 0.00821741
0 0.999248 0.588631 0.00150373 0.0793298 0.00748534
0 0.997208 0.964127 0.00558404 0.071746 0.00404252
0 0.998959 0.567996 0.00208243 0.0655099 0.00202786
0 0.999208 0.599283 0.00158307 0.0956831 0.00177968
0 0.998937 0.547064 0.00212572 0.0759424 0.00120672
0 0.998038 0.515546 0.0039232 0.0911544 0.00109418
0 0.998928 0.560154 0.0021438 0.0678055 0.0010655
