0 0.784618 0.571761 0.0415161 0.0933783 0.936643
0 0.694542 0.552966 0.00904852 0.0273326 0.398813
0 0.996235 0.605967 0.00753038 0.110623 0.0138098
0 0.995788 0.598655 0.00842421 0.107173 0.00494666
0 0.995985 0.48019 0.00802906 0.119143 0.00468887
0 0.996194 0.486682 0.00761255 0.119229 0.00462672
0 0.995772 0.473687 0.00845506 0.114857 0.00331966
0 0.996559 0.613513 0.00688115 0.114392 0.00293671
0 0.996542 0.621766 0.00691664 0.117779 0.00234474
0 0.996268 0.493855 0.0074646 0.117388 0.0013397
0 0.99571 0.466151 0.0085794 0.108784 0.00114853
