0 0.658571 0.574164 0.0122818 0.0412455 0.910429
0 0.99717 0.627987 0.00565977 0.0936316 0.0136844
0 0.996018 0.639882 0.00796475 0.10806 0.01229
0 0.00496781 0.577875 0.00993561 0.0686793 0.0117363
0 0.996554 0.633873 0.00689189 0.102776 0.0105327
0 0.997755 0.611582 0.00448891 0.0828781 0.00809443
0 0.997619 0.620536 0.00476119 0.0857839 0.00650971
0 0.99775 0.600781 0.00450021 0.0865554 0.00499711
0 0.996898 0.0316685 0.00620355 0.0633369 0.00417893
0 0.997683 0.587654 0.00463313 0.094026 0.00150569
0 0.00647501 0.558254 0.01295 0.106617 0.0013134
