0 0.792198 0.548309 0.0195537 0.0378706 0.933985
0 0.312845 0.542916 0.0189771 0.0313191 0.914148
0 0.996136 0.606116 0.00772807 0.114375 0.00357739
0 0.996215 0.598148 0.00756983 0.113406 0.00265494
0 0.996576 0.571688 0.00684701 0.109153 0.00188721
0 0.996393 0.589593 0.00721379 0.112161 0.00167238
0 0.996996 0.964687 0.0060071 0.0706268 0.00156598
0 0.996154 0.613808 0.00769224 0.116311 0.00124096
0 0.996474 0.563294 0.00705239 0.107976 0.00120069
0 0.996611 0.580378 0.00677886 0.111066 0.00117328
