0 0.180491 0.556274 0.0208254 0.0593997 0.925202
0 0.99656 0.598458 0.00688036 0.11208 0.00362075
0 0.996818 0.592569 0.00636382 0.107195 0.00345424
0 0.00657783 0.608721 0.0131557 0.126115 0.00242351
0 0.997617 0.526333 0.00476673 0.093443 0.00232515
0 0.99792 0.532849 0.00416011 0.0924737 0.0014636
0 0.00607385 0.600762 0.0121477 0.122869 0.00138788
0 0.997304 0.585617 0.00539212 0.101582 0.00123296
0 0.997365 0.520878 0.00527016 0.0921375 0.00120475
0 0.998181 0.566168 0.00363702 0.0954857 0.00103579
